inanimate 1 155 0.993548387097
inanimate 1 155 0.993548387097
inanimate 1 155 0.993548387097
inanimate 134 155 0.135483870968
inanimate 1 155 0.993548387097
inanimate 1 155 0.993548387097
inanimate 1 155 0.993548387097
inanimate 134 155 0.135483870968
inanimate 1 155 0.993548387097
inanimate 1 155 0.993548387097
inanimate 134 155 0.135483870968
inanimate 1 155 0.993548387097
inanimate 134 155 0.135483870968
inanimate 134 155 0.135483870968
inanimate 134 155 0.135483870968
inanimate 134 155 0.135483870968
inanimate 134 155 0.135483870968
inanimate 134 155 0.135483870968
inanimate 1 155 0.993548387097
inanimate 1 155 0.993548387097
inanimate 1 155 0.993548387097
inanimate 1 155 0.993548387097
inanimate 1 155 0.993548387097
inanimate 1 155 0.993548387097
inanimate 134 155 0.135483870968
inanimate 134 155 0.13548387096774195
